{
 "cells": [
  {
   "cell_type": "markdown",
   "id": "512ee1f6",
   "metadata": {},
   "source": [
    "# 1. 데이터 불러오기"
   ]
  },
  {
   "cell_type": "code",
   "execution_count": 73,
   "id": "38b6e67c",
   "metadata": {},
   "outputs": [
    {
     "data": {
      "text/html": [
       "<div>\n",
       "<style scoped>\n",
       "    .dataframe tbody tr th:only-of-type {\n",
       "        vertical-align: middle;\n",
       "    }\n",
       "\n",
       "    .dataframe tbody tr th {\n",
       "        vertical-align: top;\n",
       "    }\n",
       "\n",
       "    .dataframe thead th {\n",
       "        text-align: right;\n",
       "    }\n",
       "</style>\n",
       "<table border=\"1\" class=\"dataframe\">\n",
       "  <thead>\n",
       "    <tr style=\"text-align: right;\">\n",
       "      <th></th>\n",
       "      <th>MSSubClass</th>\n",
       "      <th>MSZoning</th>\n",
       "      <th>LotFrontage</th>\n",
       "      <th>LotArea</th>\n",
       "      <th>Street</th>\n",
       "      <th>Alley</th>\n",
       "      <th>LotShape</th>\n",
       "      <th>LandContour</th>\n",
       "      <th>Utilities</th>\n",
       "      <th>LotConfig</th>\n",
       "      <th>...</th>\n",
       "      <th>PoolArea</th>\n",
       "      <th>PoolQC</th>\n",
       "      <th>Fence</th>\n",
       "      <th>MiscFeature</th>\n",
       "      <th>MiscVal</th>\n",
       "      <th>MoSold</th>\n",
       "      <th>YrSold</th>\n",
       "      <th>SaleType</th>\n",
       "      <th>SaleCondition</th>\n",
       "      <th>SalePrice</th>\n",
       "    </tr>\n",
       "    <tr>\n",
       "      <th>Id</th>\n",
       "      <th></th>\n",
       "      <th></th>\n",
       "      <th></th>\n",
       "      <th></th>\n",
       "      <th></th>\n",
       "      <th></th>\n",
       "      <th></th>\n",
       "      <th></th>\n",
       "      <th></th>\n",
       "      <th></th>\n",
       "      <th></th>\n",
       "      <th></th>\n",
       "      <th></th>\n",
       "      <th></th>\n",
       "      <th></th>\n",
       "      <th></th>\n",
       "      <th></th>\n",
       "      <th></th>\n",
       "      <th></th>\n",
       "      <th></th>\n",
       "      <th></th>\n",
       "    </tr>\n",
       "  </thead>\n",
       "  <tbody>\n",
       "    <tr>\n",
       "      <th>1</th>\n",
       "      <td>60</td>\n",
       "      <td>RL</td>\n",
       "      <td>65.0</td>\n",
       "      <td>8450</td>\n",
       "      <td>Pave</td>\n",
       "      <td>NaN</td>\n",
       "      <td>Reg</td>\n",
       "      <td>Lvl</td>\n",
       "      <td>AllPub</td>\n",
       "      <td>Inside</td>\n",
       "      <td>...</td>\n",
       "      <td>0</td>\n",
       "      <td>NaN</td>\n",
       "      <td>NaN</td>\n",
       "      <td>NaN</td>\n",
       "      <td>0</td>\n",
       "      <td>2</td>\n",
       "      <td>2008</td>\n",
       "      <td>WD</td>\n",
       "      <td>Normal</td>\n",
       "      <td>208500</td>\n",
       "    </tr>\n",
       "    <tr>\n",
       "      <th>2</th>\n",
       "      <td>20</td>\n",
       "      <td>RL</td>\n",
       "      <td>80.0</td>\n",
       "      <td>9600</td>\n",
       "      <td>Pave</td>\n",
       "      <td>NaN</td>\n",
       "      <td>Reg</td>\n",
       "      <td>Lvl</td>\n",
       "      <td>AllPub</td>\n",
       "      <td>FR2</td>\n",
       "      <td>...</td>\n",
       "      <td>0</td>\n",
       "      <td>NaN</td>\n",
       "      <td>NaN</td>\n",
       "      <td>NaN</td>\n",
       "      <td>0</td>\n",
       "      <td>5</td>\n",
       "      <td>2007</td>\n",
       "      <td>WD</td>\n",
       "      <td>Normal</td>\n",
       "      <td>181500</td>\n",
       "    </tr>\n",
       "    <tr>\n",
       "      <th>3</th>\n",
       "      <td>60</td>\n",
       "      <td>RL</td>\n",
       "      <td>68.0</td>\n",
       "      <td>11250</td>\n",
       "      <td>Pave</td>\n",
       "      <td>NaN</td>\n",
       "      <td>IR1</td>\n",
       "      <td>Lvl</td>\n",
       "      <td>AllPub</td>\n",
       "      <td>Inside</td>\n",
       "      <td>...</td>\n",
       "      <td>0</td>\n",
       "      <td>NaN</td>\n",
       "      <td>NaN</td>\n",
       "      <td>NaN</td>\n",
       "      <td>0</td>\n",
       "      <td>9</td>\n",
       "      <td>2008</td>\n",
       "      <td>WD</td>\n",
       "      <td>Normal</td>\n",
       "      <td>223500</td>\n",
       "    </tr>\n",
       "    <tr>\n",
       "      <th>4</th>\n",
       "      <td>70</td>\n",
       "      <td>RL</td>\n",
       "      <td>60.0</td>\n",
       "      <td>9550</td>\n",
       "      <td>Pave</td>\n",
       "      <td>NaN</td>\n",
       "      <td>IR1</td>\n",
       "      <td>Lvl</td>\n",
       "      <td>AllPub</td>\n",
       "      <td>Corner</td>\n",
       "      <td>...</td>\n",
       "      <td>0</td>\n",
       "      <td>NaN</td>\n",
       "      <td>NaN</td>\n",
       "      <td>NaN</td>\n",
       "      <td>0</td>\n",
       "      <td>2</td>\n",
       "      <td>2006</td>\n",
       "      <td>WD</td>\n",
       "      <td>Abnorml</td>\n",
       "      <td>140000</td>\n",
       "    </tr>\n",
       "    <tr>\n",
       "      <th>5</th>\n",
       "      <td>60</td>\n",
       "      <td>RL</td>\n",
       "      <td>84.0</td>\n",
       "      <td>14260</td>\n",
       "      <td>Pave</td>\n",
       "      <td>NaN</td>\n",
       "      <td>IR1</td>\n",
       "      <td>Lvl</td>\n",
       "      <td>AllPub</td>\n",
       "      <td>FR2</td>\n",
       "      <td>...</td>\n",
       "      <td>0</td>\n",
       "      <td>NaN</td>\n",
       "      <td>NaN</td>\n",
       "      <td>NaN</td>\n",
       "      <td>0</td>\n",
       "      <td>12</td>\n",
       "      <td>2008</td>\n",
       "      <td>WD</td>\n",
       "      <td>Normal</td>\n",
       "      <td>250000</td>\n",
       "    </tr>\n",
       "  </tbody>\n",
       "</table>\n",
       "<p>5 rows × 80 columns</p>\n",
       "</div>"
      ],
      "text/plain": [
       "    MSSubClass MSZoning  LotFrontage  LotArea Street Alley LotShape  \\\n",
       "Id                                                                    \n",
       "1           60       RL         65.0     8450   Pave   NaN      Reg   \n",
       "2           20       RL         80.0     9600   Pave   NaN      Reg   \n",
       "3           60       RL         68.0    11250   Pave   NaN      IR1   \n",
       "4           70       RL         60.0     9550   Pave   NaN      IR1   \n",
       "5           60       RL         84.0    14260   Pave   NaN      IR1   \n",
       "\n",
       "   LandContour Utilities LotConfig  ... PoolArea PoolQC Fence MiscFeature  \\\n",
       "Id                                  ...                                     \n",
       "1          Lvl    AllPub    Inside  ...        0    NaN   NaN         NaN   \n",
       "2          Lvl    AllPub       FR2  ...        0    NaN   NaN         NaN   \n",
       "3          Lvl    AllPub    Inside  ...        0    NaN   NaN         NaN   \n",
       "4          Lvl    AllPub    Corner  ...        0    NaN   NaN         NaN   \n",
       "5          Lvl    AllPub       FR2  ...        0    NaN   NaN         NaN   \n",
       "\n",
       "   MiscVal MoSold  YrSold  SaleType  SaleCondition  SalePrice  \n",
       "Id                                                             \n",
       "1        0      2    2008        WD         Normal     208500  \n",
       "2        0      5    2007        WD         Normal     181500  \n",
       "3        0      9    2008        WD         Normal     223500  \n",
       "4        0      2    2006        WD        Abnorml     140000  \n",
       "5        0     12    2008        WD         Normal     250000  \n",
       "\n",
       "[5 rows x 80 columns]"
      ]
     },
     "execution_count": 73,
     "metadata": {},
     "output_type": "execute_result"
    }
   ],
   "source": [
    "import pandas as pd\n",
    "import numpy as np\n",
    "import statsmodels.formula.api as sm\n",
    "import statsmodels.graphics.api as smg\n",
    "import seaborn as sns\n",
    "from scipy import stats\n",
    "\n",
    "df = pd.read_csv('data_housing_price.csv', index_col = 0)\n",
    "df.head()"
   ]
  },
  {
   "cell_type": "markdown",
   "id": "02da32a9",
   "metadata": {},
   "source": [
    "# 2. 데이터 전처리\n",
    "## 2-1. 범주형 변수 처리"
   ]
  },
  {
   "cell_type": "code",
   "execution_count": 74,
   "id": "c07bb5e3",
   "metadata": {},
   "outputs": [
    {
     "data": {
      "text/html": [
       "<div>\n",
       "<style scoped>\n",
       "    .dataframe tbody tr th:only-of-type {\n",
       "        vertical-align: middle;\n",
       "    }\n",
       "\n",
       "    .dataframe tbody tr th {\n",
       "        vertical-align: top;\n",
       "    }\n",
       "\n",
       "    .dataframe thead th {\n",
       "        text-align: right;\n",
       "    }\n",
       "</style>\n",
       "<table border=\"1\" class=\"dataframe\">\n",
       "  <thead>\n",
       "    <tr style=\"text-align: right;\">\n",
       "      <th></th>\n",
       "      <th>MSSubClass</th>\n",
       "      <th>LotFrontage</th>\n",
       "      <th>LotArea</th>\n",
       "      <th>OverallQual</th>\n",
       "      <th>OverallCond</th>\n",
       "      <th>YearBuilt</th>\n",
       "      <th>YearRemodAdd</th>\n",
       "      <th>MasVnrArea</th>\n",
       "      <th>BsmtFinSF1</th>\n",
       "      <th>BsmtFinSF2</th>\n",
       "      <th>...</th>\n",
       "      <th>WoodDeckSF</th>\n",
       "      <th>OpenPorchSF</th>\n",
       "      <th>EnclosedPorch</th>\n",
       "      <th>3SsnPorch</th>\n",
       "      <th>ScreenPorch</th>\n",
       "      <th>PoolArea</th>\n",
       "      <th>MiscVal</th>\n",
       "      <th>MoSold</th>\n",
       "      <th>YrSold</th>\n",
       "      <th>SalePrice</th>\n",
       "    </tr>\n",
       "    <tr>\n",
       "      <th>MSZoning</th>\n",
       "      <th></th>\n",
       "      <th></th>\n",
       "      <th></th>\n",
       "      <th></th>\n",
       "      <th></th>\n",
       "      <th></th>\n",
       "      <th></th>\n",
       "      <th></th>\n",
       "      <th></th>\n",
       "      <th></th>\n",
       "      <th></th>\n",
       "      <th></th>\n",
       "      <th></th>\n",
       "      <th></th>\n",
       "      <th></th>\n",
       "      <th></th>\n",
       "      <th></th>\n",
       "      <th></th>\n",
       "      <th></th>\n",
       "      <th></th>\n",
       "      <th></th>\n",
       "    </tr>\n",
       "  </thead>\n",
       "  <tbody>\n",
       "    <tr>\n",
       "      <th>C (all)</th>\n",
       "      <td>56.000000</td>\n",
       "      <td>69.700000</td>\n",
       "      <td>9501.300000</td>\n",
       "      <td>3.900000</td>\n",
       "      <td>4.600000</td>\n",
       "      <td>1924.100000</td>\n",
       "      <td>1958.200000</td>\n",
       "      <td>0.000000</td>\n",
       "      <td>222.800000</td>\n",
       "      <td>0.000000</td>\n",
       "      <td>...</td>\n",
       "      <td>9.800000</td>\n",
       "      <td>64.400000</td>\n",
       "      <td>82.500000</td>\n",
       "      <td>0.000000</td>\n",
       "      <td>9.900000</td>\n",
       "      <td>0.000000</td>\n",
       "      <td>61.400000</td>\n",
       "      <td>7.700000</td>\n",
       "      <td>2008.300000</td>\n",
       "      <td>74528.000000</td>\n",
       "    </tr>\n",
       "    <tr>\n",
       "      <th>FV</th>\n",
       "      <td>90.461538</td>\n",
       "      <td>59.491228</td>\n",
       "      <td>6638.861538</td>\n",
       "      <td>7.200000</td>\n",
       "      <td>5.030769</td>\n",
       "      <td>2004.507692</td>\n",
       "      <td>2004.830769</td>\n",
       "      <td>140.806452</td>\n",
       "      <td>327.892308</td>\n",
       "      <td>0.000000</td>\n",
       "      <td>...</td>\n",
       "      <td>57.276923</td>\n",
       "      <td>103.476923</td>\n",
       "      <td>0.000000</td>\n",
       "      <td>0.000000</td>\n",
       "      <td>3.046154</td>\n",
       "      <td>0.000000</td>\n",
       "      <td>0.000000</td>\n",
       "      <td>6.276923</td>\n",
       "      <td>2007.846154</td>\n",
       "      <td>214014.061538</td>\n",
       "    </tr>\n",
       "    <tr>\n",
       "      <th>RH</th>\n",
       "      <td>80.312500</td>\n",
       "      <td>58.923077</td>\n",
       "      <td>7380.062500</td>\n",
       "      <td>5.250000</td>\n",
       "      <td>5.562500</td>\n",
       "      <td>1945.687500</td>\n",
       "      <td>1971.937500</td>\n",
       "      <td>57.812500</td>\n",
       "      <td>312.750000</td>\n",
       "      <td>8.687500</td>\n",
       "      <td>...</td>\n",
       "      <td>67.625000</td>\n",
       "      <td>28.250000</td>\n",
       "      <td>58.687500</td>\n",
       "      <td>0.000000</td>\n",
       "      <td>0.000000</td>\n",
       "      <td>0.000000</td>\n",
       "      <td>0.000000</td>\n",
       "      <td>7.500000</td>\n",
       "      <td>2007.500000</td>\n",
       "      <td>131558.375000</td>\n",
       "    </tr>\n",
       "    <tr>\n",
       "      <th>RL</th>\n",
       "      <td>49.374457</td>\n",
       "      <td>74.680043</td>\n",
       "      <td>11571.814075</td>\n",
       "      <td>6.190269</td>\n",
       "      <td>5.535187</td>\n",
       "      <td>1975.461338</td>\n",
       "      <td>1985.659427</td>\n",
       "      <td>112.260908</td>\n",
       "      <td>492.514335</td>\n",
       "      <td>53.476108</td>\n",
       "      <td>...</td>\n",
       "      <td>105.133797</td>\n",
       "      <td>45.141616</td>\n",
       "      <td>16.892268</td>\n",
       "      <td>4.192007</td>\n",
       "      <td>16.841877</td>\n",
       "      <td>3.499566</td>\n",
       "      <td>47.749783</td>\n",
       "      <td>6.317116</td>\n",
       "      <td>2007.824500</td>\n",
       "      <td>191004.994787</td>\n",
       "    </tr>\n",
       "    <tr>\n",
       "      <th>RM</th>\n",
       "      <td>84.931193</td>\n",
       "      <td>52.366834</td>\n",
       "      <td>6379.775229</td>\n",
       "      <td>5.454128</td>\n",
       "      <td>5.995413</td>\n",
       "      <td>1943.256881</td>\n",
       "      <td>1976.894495</td>\n",
       "      <td>56.169725</td>\n",
       "      <td>239.839450</td>\n",
       "      <td>28.770642</td>\n",
       "      <td>...</td>\n",
       "      <td>53.600917</td>\n",
       "      <td>38.275229</td>\n",
       "      <td>49.752294</td>\n",
       "      <td>0.701835</td>\n",
       "      <td>10.582569</td>\n",
       "      <td>0.000000</td>\n",
       "      <td>36.330275</td>\n",
       "      <td>6.211009</td>\n",
       "      <td>2007.761468</td>\n",
       "      <td>126316.830275</td>\n",
       "    </tr>\n",
       "  </tbody>\n",
       "</table>\n",
       "<p>5 rows × 37 columns</p>\n",
       "</div>"
      ],
      "text/plain": [
       "          MSSubClass  LotFrontage       LotArea  OverallQual  OverallCond  \\\n",
       "MSZoning                                                                    \n",
       "C (all)    56.000000    69.700000   9501.300000     3.900000     4.600000   \n",
       "FV         90.461538    59.491228   6638.861538     7.200000     5.030769   \n",
       "RH         80.312500    58.923077   7380.062500     5.250000     5.562500   \n",
       "RL         49.374457    74.680043  11571.814075     6.190269     5.535187   \n",
       "RM         84.931193    52.366834   6379.775229     5.454128     5.995413   \n",
       "\n",
       "            YearBuilt  YearRemodAdd  MasVnrArea  BsmtFinSF1  BsmtFinSF2  ...  \\\n",
       "MSZoning                                                                 ...   \n",
       "C (all)   1924.100000   1958.200000    0.000000  222.800000    0.000000  ...   \n",
       "FV        2004.507692   2004.830769  140.806452  327.892308    0.000000  ...   \n",
       "RH        1945.687500   1971.937500   57.812500  312.750000    8.687500  ...   \n",
       "RL        1975.461338   1985.659427  112.260908  492.514335   53.476108  ...   \n",
       "RM        1943.256881   1976.894495   56.169725  239.839450   28.770642  ...   \n",
       "\n",
       "          WoodDeckSF  OpenPorchSF  EnclosedPorch  3SsnPorch  ScreenPorch  \\\n",
       "MSZoning                                                                   \n",
       "C (all)     9.800000    64.400000      82.500000   0.000000     9.900000   \n",
       "FV         57.276923   103.476923       0.000000   0.000000     3.046154   \n",
       "RH         67.625000    28.250000      58.687500   0.000000     0.000000   \n",
       "RL        105.133797    45.141616      16.892268   4.192007    16.841877   \n",
       "RM         53.600917    38.275229      49.752294   0.701835    10.582569   \n",
       "\n",
       "          PoolArea    MiscVal    MoSold       YrSold      SalePrice  \n",
       "MSZoning                                                             \n",
       "C (all)   0.000000  61.400000  7.700000  2008.300000   74528.000000  \n",
       "FV        0.000000   0.000000  6.276923  2007.846154  214014.061538  \n",
       "RH        0.000000   0.000000  7.500000  2007.500000  131558.375000  \n",
       "RL        3.499566  47.749783  6.317116  2007.824500  191004.994787  \n",
       "RM        0.000000  36.330275  6.211009  2007.761468  126316.830275  \n",
       "\n",
       "[5 rows x 37 columns]"
      ]
     },
     "execution_count": 74,
     "metadata": {},
     "output_type": "execute_result"
    }
   ],
   "source": [
    "# Find categories\n",
    "pd.unique(df['MSZoning'])\n",
    "df.groupby('MSZoning').mean()"
   ]
  },
  {
   "cell_type": "code",
   "execution_count": 75,
   "id": "18316559",
   "metadata": {},
   "outputs": [
    {
     "data": {
      "text/html": [
       "<div>\n",
       "<style scoped>\n",
       "    .dataframe tbody tr th:only-of-type {\n",
       "        vertical-align: middle;\n",
       "    }\n",
       "\n",
       "    .dataframe tbody tr th {\n",
       "        vertical-align: top;\n",
       "    }\n",
       "\n",
       "    .dataframe thead th {\n",
       "        text-align: right;\n",
       "    }\n",
       "</style>\n",
       "<table border=\"1\" class=\"dataframe\">\n",
       "  <thead>\n",
       "    <tr style=\"text-align: right;\">\n",
       "      <th></th>\n",
       "      <th>MSSubClass</th>\n",
       "      <th>LotFrontage</th>\n",
       "      <th>LotArea</th>\n",
       "      <th>OverallQual</th>\n",
       "      <th>OverallCond</th>\n",
       "      <th>YearBuilt</th>\n",
       "      <th>YearRemodAdd</th>\n",
       "      <th>MasVnrArea</th>\n",
       "      <th>BsmtFinSF1</th>\n",
       "      <th>BsmtFinSF2</th>\n",
       "      <th>...</th>\n",
       "      <th>WoodDeckSF</th>\n",
       "      <th>OpenPorchSF</th>\n",
       "      <th>EnclosedPorch</th>\n",
       "      <th>3SsnPorch</th>\n",
       "      <th>ScreenPorch</th>\n",
       "      <th>PoolArea</th>\n",
       "      <th>MiscVal</th>\n",
       "      <th>MoSold</th>\n",
       "      <th>YrSold</th>\n",
       "      <th>SalePrice</th>\n",
       "    </tr>\n",
       "    <tr>\n",
       "      <th>MSZoning</th>\n",
       "      <th></th>\n",
       "      <th></th>\n",
       "      <th></th>\n",
       "      <th></th>\n",
       "      <th></th>\n",
       "      <th></th>\n",
       "      <th></th>\n",
       "      <th></th>\n",
       "      <th></th>\n",
       "      <th></th>\n",
       "      <th></th>\n",
       "      <th></th>\n",
       "      <th></th>\n",
       "      <th></th>\n",
       "      <th></th>\n",
       "      <th></th>\n",
       "      <th></th>\n",
       "      <th></th>\n",
       "      <th></th>\n",
       "      <th></th>\n",
       "      <th></th>\n",
       "    </tr>\n",
       "  </thead>\n",
       "  <tbody>\n",
       "    <tr>\n",
       "      <th>0</th>\n",
       "      <td>56.000000</td>\n",
       "      <td>69.700000</td>\n",
       "      <td>9501.300000</td>\n",
       "      <td>3.900000</td>\n",
       "      <td>4.600000</td>\n",
       "      <td>1924.100000</td>\n",
       "      <td>1958.200000</td>\n",
       "      <td>0.000000</td>\n",
       "      <td>222.800000</td>\n",
       "      <td>0.000000</td>\n",
       "      <td>...</td>\n",
       "      <td>9.800000</td>\n",
       "      <td>64.400000</td>\n",
       "      <td>82.500000</td>\n",
       "      <td>0.000000</td>\n",
       "      <td>9.900000</td>\n",
       "      <td>0.000000</td>\n",
       "      <td>61.400000</td>\n",
       "      <td>7.700000</td>\n",
       "      <td>2008.300000</td>\n",
       "      <td>74528.000000</td>\n",
       "    </tr>\n",
       "    <tr>\n",
       "      <th>1</th>\n",
       "      <td>84.931193</td>\n",
       "      <td>52.366834</td>\n",
       "      <td>6379.775229</td>\n",
       "      <td>5.454128</td>\n",
       "      <td>5.995413</td>\n",
       "      <td>1943.256881</td>\n",
       "      <td>1976.894495</td>\n",
       "      <td>56.169725</td>\n",
       "      <td>239.839450</td>\n",
       "      <td>28.770642</td>\n",
       "      <td>...</td>\n",
       "      <td>53.600917</td>\n",
       "      <td>38.275229</td>\n",
       "      <td>49.752294</td>\n",
       "      <td>0.701835</td>\n",
       "      <td>10.582569</td>\n",
       "      <td>0.000000</td>\n",
       "      <td>36.330275</td>\n",
       "      <td>6.211009</td>\n",
       "      <td>2007.761468</td>\n",
       "      <td>126316.830275</td>\n",
       "    </tr>\n",
       "    <tr>\n",
       "      <th>2</th>\n",
       "      <td>80.312500</td>\n",
       "      <td>58.923077</td>\n",
       "      <td>7380.062500</td>\n",
       "      <td>5.250000</td>\n",
       "      <td>5.562500</td>\n",
       "      <td>1945.687500</td>\n",
       "      <td>1971.937500</td>\n",
       "      <td>57.812500</td>\n",
       "      <td>312.750000</td>\n",
       "      <td>8.687500</td>\n",
       "      <td>...</td>\n",
       "      <td>67.625000</td>\n",
       "      <td>28.250000</td>\n",
       "      <td>58.687500</td>\n",
       "      <td>0.000000</td>\n",
       "      <td>0.000000</td>\n",
       "      <td>0.000000</td>\n",
       "      <td>0.000000</td>\n",
       "      <td>7.500000</td>\n",
       "      <td>2007.500000</td>\n",
       "      <td>131558.375000</td>\n",
       "    </tr>\n",
       "    <tr>\n",
       "      <th>3</th>\n",
       "      <td>49.374457</td>\n",
       "      <td>74.680043</td>\n",
       "      <td>11571.814075</td>\n",
       "      <td>6.190269</td>\n",
       "      <td>5.535187</td>\n",
       "      <td>1975.461338</td>\n",
       "      <td>1985.659427</td>\n",
       "      <td>112.260908</td>\n",
       "      <td>492.514335</td>\n",
       "      <td>53.476108</td>\n",
       "      <td>...</td>\n",
       "      <td>105.133797</td>\n",
       "      <td>45.141616</td>\n",
       "      <td>16.892268</td>\n",
       "      <td>4.192007</td>\n",
       "      <td>16.841877</td>\n",
       "      <td>3.499566</td>\n",
       "      <td>47.749783</td>\n",
       "      <td>6.317116</td>\n",
       "      <td>2007.824500</td>\n",
       "      <td>191004.994787</td>\n",
       "    </tr>\n",
       "    <tr>\n",
       "      <th>4</th>\n",
       "      <td>90.461538</td>\n",
       "      <td>59.491228</td>\n",
       "      <td>6638.861538</td>\n",
       "      <td>7.200000</td>\n",
       "      <td>5.030769</td>\n",
       "      <td>2004.507692</td>\n",
       "      <td>2004.830769</td>\n",
       "      <td>140.806452</td>\n",
       "      <td>327.892308</td>\n",
       "      <td>0.000000</td>\n",
       "      <td>...</td>\n",
       "      <td>57.276923</td>\n",
       "      <td>103.476923</td>\n",
       "      <td>0.000000</td>\n",
       "      <td>0.000000</td>\n",
       "      <td>3.046154</td>\n",
       "      <td>0.000000</td>\n",
       "      <td>0.000000</td>\n",
       "      <td>6.276923</td>\n",
       "      <td>2007.846154</td>\n",
       "      <td>214014.061538</td>\n",
       "    </tr>\n",
       "  </tbody>\n",
       "</table>\n",
       "<p>5 rows × 37 columns</p>\n",
       "</div>"
      ],
      "text/plain": [
       "          MSSubClass  LotFrontage       LotArea  OverallQual  OverallCond  \\\n",
       "MSZoning                                                                    \n",
       "0          56.000000    69.700000   9501.300000     3.900000     4.600000   \n",
       "1          84.931193    52.366834   6379.775229     5.454128     5.995413   \n",
       "2          80.312500    58.923077   7380.062500     5.250000     5.562500   \n",
       "3          49.374457    74.680043  11571.814075     6.190269     5.535187   \n",
       "4          90.461538    59.491228   6638.861538     7.200000     5.030769   \n",
       "\n",
       "            YearBuilt  YearRemodAdd  MasVnrArea  BsmtFinSF1  BsmtFinSF2  ...  \\\n",
       "MSZoning                                                                 ...   \n",
       "0         1924.100000   1958.200000    0.000000  222.800000    0.000000  ...   \n",
       "1         1943.256881   1976.894495   56.169725  239.839450   28.770642  ...   \n",
       "2         1945.687500   1971.937500   57.812500  312.750000    8.687500  ...   \n",
       "3         1975.461338   1985.659427  112.260908  492.514335   53.476108  ...   \n",
       "4         2004.507692   2004.830769  140.806452  327.892308    0.000000  ...   \n",
       "\n",
       "          WoodDeckSF  OpenPorchSF  EnclosedPorch  3SsnPorch  ScreenPorch  \\\n",
       "MSZoning                                                                   \n",
       "0           9.800000    64.400000      82.500000   0.000000     9.900000   \n",
       "1          53.600917    38.275229      49.752294   0.701835    10.582569   \n",
       "2          67.625000    28.250000      58.687500   0.000000     0.000000   \n",
       "3         105.133797    45.141616      16.892268   4.192007    16.841877   \n",
       "4          57.276923   103.476923       0.000000   0.000000     3.046154   \n",
       "\n",
       "          PoolArea    MiscVal    MoSold       YrSold      SalePrice  \n",
       "MSZoning                                                             \n",
       "0         0.000000  61.400000  7.700000  2008.300000   74528.000000  \n",
       "1         0.000000  36.330275  6.211009  2007.761468  126316.830275  \n",
       "2         0.000000   0.000000  7.500000  2007.500000  131558.375000  \n",
       "3         3.499566  47.749783  6.317116  2007.824500  191004.994787  \n",
       "4         0.000000   0.000000  6.276923  2007.846154  214014.061538  \n",
       "\n",
       "[5 rows x 37 columns]"
      ]
     },
     "execution_count": 75,
     "metadata": {},
     "output_type": "execute_result"
    }
   ],
   "source": [
    "# integer encoding\n",
    "df['MSZoning']=df['MSZoning'].replace('C (all)', 0)   # C Commercial\n",
    "df['MSZoning']=df['MSZoning'].replace('RM', 1)        # RM Residential Medium Density\n",
    "df['MSZoning']=df['MSZoning'].replace('RH', 2)        # RH Residential High Density\n",
    "df['MSZoning']=df['MSZoning'].replace('RL', 3)        # RL Residential Low Density\n",
    "df['MSZoning']=df['MSZoning'].replace('FV', 4)        # FV Floating Village Residential\n",
    "df.groupby('MSZoning').mean()"
   ]
  },
  {
   "cell_type": "markdown",
   "id": "92b516fe",
   "metadata": {},
   "source": [
    "## 2-2. 변수의 상관계수 분석"
   ]
  },
  {
   "cell_type": "code",
   "execution_count": 76,
   "id": "018ae683",
   "metadata": {},
   "outputs": [
    {
     "data": {
